  15
  0.0000  -1.0000  -1.2014   3.6216   4.0000  -0.0100   0  -1  -1
  0.0000  -1.0000   1.2014   3.6216   4.0000  -0.0100   0  -1   1
  0.0000   1.0000  -1.2014   3.6216   4.0000  -0.0100   0   1  -1
  0.0000   1.0000   1.2014   3.6216   4.0000  -0.0100   0   1   1
  1.0000   0.0000  -1.2014   3.6216   4.0000  -0.0100   1   0  -1
 -1.0000  -1.0000  -0.0000   4.0029   4.0000  -0.0100  -1  -1   0
 -1.0000   1.0000  -0.0000   4.0029   4.0000  -0.0100  -1   1   0
  1.0000  -1.0000   0.0000   4.0029   4.0000  -0.0100   1  -1   0
  1.0000   1.0000   0.0000   4.0029   4.0000  -0.0100   1   1   0
  0.0000   0.0000  -1.2014   4.7120   4.0000  -0.0100   0   0  -1
  0.0000   0.0000   1.2014   4.7120   4.0000  -0.0100   0   0   1
 -1.0000  -0.0000  -0.0000   5.6610   4.0000  -0.0100  -1   0   0
  0.0000  -1.0000  -0.0000   5.6610   4.0000  -0.0100   0  -1   0
  0.0000   1.0000   0.0000   5.6610   4.0000  -0.0100   0   1   0
  1.0000   0.0000   0.0000   5.6610   4.0000  -0.0100   1   0   0
